sqrt(2)   = 1.414214
cbrt(27)  = 3.000000
pow(2,10) = 1024.000000
log10(100)= 2.000000
log2(8)   = 3.000000
exp(0)    = 1.000000
ceil(3.2) = 4.000000
floor(3.8)= 3.000000
trunc(3.9)= 3.000000
round(0.5)= 1.000000
fabs(-5.5)= 5.500000
fmin(3,5) = 3.000000
fmax(3,5) = 5.000000
