sin(0.5d) = 0.479426
cos(0.5d) = 0.877583
sqrt(2d)  = 1.414214
sqrtf(4f) = 2.000000
sinf(0f)  = 0.000000
cosf(0f)  = 1.000000
